17
19.2724 20.1759 20.4926 0.641877 9.94863
23.9455 20.2981 -18.5275 -0.0565906 15.1174
29.519 16.5633 17.3254 0.587473 20.6412
33.5784 16.7843 -18.5313 0.403369 25.8167
37.8795 16.0331 16.6193 -0.0659971 31.5174
40.9615 17.3994 -18.8511 0.139519 35.6824
44.1738 16.1986 16.6954 -0.0146342 39.7166
49.806 15.8843 16.7039 0.0940178 47.2122
51.2472 18.4803 -19.5481 0.829805 48.9338
55.3757 17.6069 17.218 0.136411 54.4178
58.4422 18.8642 -19.6776 -0.0919618 58.1054
62.1508 19.0447 17.657 -0.14629 63.3178
65.4438 20.4852 -20.4055 0.501649 66.4927
69.2062 20.1441 18.4201 -0.401102 71.5142
72.0833 21.7173 -21.0577 0.806523 73.9818
76.0281 21.1124 18.8525 -0.00696131 79.1512
78.8053 22.6336 -21.9753 0.846217 81.3687
