18
84.9275 16.0145 20.9855 0.128504 88.4751
82.3038 13.4937 -19.7215 1.1365 85.7229
80.7174 14.5652 20.2174 -0.251153 84.9555
77.5725 13.8551 -19.5797 0.600228 81.2245
75.7867 14.24 19.8667 -0.140959 79.8555
72.7727 14.1818 -20.0455 0.433864 76.189
71.25 15.1406 20.9531 -0.331923 74.8294
67.7348 13.803 -20.3788 0.03722 70.8988
66.4621 15.9848 22.7727 -0.0985439 69.3446
62.7698 13.6508 -19.5873 0.207382 65.4093
61.4776 13.7015 18.8358 0.0637172 63.3976
56.877 12.3934 -18.4754 -0.239677 58.3841
55.3824 12.1912 17.4412 -0.368769 56.0946
50.85 11.7 -17.8333 0.307608 50.4341
49.3393 12.7321 17.6786 0.131646 48.6456
42.6964 12.1607 16.8571 0.283833 40.896
40.2881 11.8814 -17.5085 -0.0759606 37.3043
35.1509 11.5094 15.8868 0.119278 30.8294
