9
-1.07579 0.16034 -0.0597316 0.652319 0.539318 0.0294088 -0.0968798 -0.293748 -0.274359 
0.619054 -0.194625 -0.0921438 -0.194137 -0.0881517 -0.155331 -0.076115 0.0623574 0.117781 
-0.194625 0.137617 0.0548409 0.110476 0.0462701 0.0913413 0.0357478 -0.0229665 -0.0507299 
-0.0921438 0.0548409 0.0329482 0.0489806 0.0265915 0.0376972 0.01748 -0.0098259 -0.0190155 
-0.194137 0.110476 0.0489806 0.136217 0.0457213 0.0753458 0.0318799 -0.0185788 -0.0475461 
-0.0881517 0.0462701 0.0265915 0.0457213 0.0339364 0.026386 0.0121358 -0.00519971 -0.01259 
-0.155331 0.0913413 0.0376972 0.0753458 0.026386 0.108341 0.0412755 -0.0343715 -0.0700804 
-0.076115 0.0357478 0.01748 0.0318799 0.0121358 0.0412755 0.0288374 -0.0287352 -0.0344019 
0.0623574 -0.0229665 -0.0098259 -0.0185788 -0.00519971 -0.0343715 -0.0287352 0.0468526 0.0432484 
0.117781 -0.0507299 -0.0190155 -0.0475461 -0.01259 -0.0700804 -0.0344019 0.0432484 0.0768964 
