20
81.1844 21.4875 26.3125 -0.133053 85.2969
77.7607 19.4866 -22.3098 0.312285 80.7993
75.5139 24.8528 28.5551 -0.345328 80.1047
71.7672 16.6868 -20.1973 0.79854 75.53
69.8438 22.0227 25.9564 0.00292179 74.414
67.0245 18.2772 -20.5878 -0.0331521 69.4021
64.6872 23.6872 26.5631 -0.120658 67.9656
60.595 17.6006 -21.2457 0.603971 62.6997
57.7363 20.6456 24.4388 -0.241425 60.8683
54.8825 16.741 -20.8395 0.289747 56.3312
52.784 19.2456 24.1446 -0.137258 54.2399
49.0349 15.436 -20.3538 0.302797 49.4268
46.5896 17.4566 22.8422 0.144477 46.8768
43.1076 14.3734 -19.7029 0.222526 42.1186
41.2874 16.8114 21.5164 0.0860102 39.9449
37.8428 13.7704 -20.0496 -0.328226 34.9646
35.7733 15.6739 20.7607 0.159133 32.5201
32.2568 13.902 -20.6295 0.0283626 27.7396
29.7517 14.6034 20.6851 0.2763 24.3294
25.3771 13.6017 -19.7797 -0.086898 18.6493
