20
19.8333 13.25 18.2321 -0.491842 12.0987
27.5 16.3889 20.6013 -0.173018 19.1232
28.5 17.05 -24.7067 -0.938873 21.2239
32.125 15.6667 20.8491 0.983513 25.9456
34.2083 14.5417 -23.6777 -0.502407 28.9027
36.6667 17.5833 21.2825 0.00793917 32.2036
38.6667 14.7917 -21.4736 -0.26614 34.978
42.2083 24.125 24.0153 0.83576 40.1874
44.8333 26.125 -25.0559 2.44695 42.7969
48.4167 25 27.264 -0.223109 47.942
51.125 25.2917 -29.1952 -0.0750721 50.4645
54.0417 24.0417 24.9362 -0.686308 54.7821
56.5417 20.2083 -25.3514 0.609705 57.0761
59.875 24.375 26.0058 0.566606 61.7826
62.375 22.8333 -24.8624 0.826641 63.3204
65.5455 24.7273 26.85 0.674905 67.7761
67.9167 23.3333 -24.7933 -0.101793 68.8447
71 22.2083 25.308 1.48587 73.2206
73.7273 22.0909 -25.0963 -0.514677 74.7565
76.2273 21.9545 24.9779 0.0571625 78.6068
