16
24.1154 14.9846 16.2194 0.12597 18.8229
25.9574 17.4255 -16.4321 0.155154 20.0847
34.1042 12.8125 -15.7816 0.319707 30.0067
37.0667 16.15 16.2303 -0.210082 32.6856
40.5962 14.8077 -16.5483 0.0885858 36.0706
44.3772 12.9123 15.7665 -0.154976 40.8157
46.7333 14.4333 -16.8145 -0.180552 43.864
50.0593 14.0678 16.4476 -0.0307111 47.4834
52.5 12.8396 -16.169 0.527073 50.0543
55.5179 13.1429 15.8325 0.306049 53.1881
57.5189 13.2642 -15.8581 0.148719 56.0958
60.5455 14.3273 16.3887 0.284075 59.3268
63.1786 12.4196 -15.4881 0.807444 61.7415
66.9464 12.4286 15.8919 -0.0493863 66.3411
70.2391 14.0217 -16.6056 0.233206 69.6831
73.5732 13.1707 15.6211 0.12852 73.3252
