13
21.2727 18.4545 16.9577 0.860121 4.30783
27.9722 14.3611 16.3619 -0.689128 9.47557
35.5833 14.3333 15.8663 -0.0163237 23.3083
38.975 11.425 -16.3654 -0.148715 26.4975
45.5714 15.875 17.2167 -0.568371 35.8962
49.3148 21.537 -19.9894 0.188396 40.7013
53.3448 16.3276 16.9812 0.323484 46.7151
59.2609 12.8478 16.4232 -0.108358 54.2856
62.1087 17.8478 -19.8368 -0.214254 58.9153
66.4815 21.4444 18.9963 -0.340127 63.6362
72.3125 10.5625 15.5243 -0.105624 70.6802
75.2593 21.2593 -21.2458 -0.369559 72.7491
80.2647 15.2059 17.4084 0.291942 81.0645
