21
15.4231 16.1923 21.0337 -0.486924 9.37604
17.0625 13.375 -19.1104 -1.07157 10.6739
19.4444 10.9444 21.9921 -0.58582 13.2229
21.1429 12.2857 -18.9369 0.0290921 15.0013
22.95 16.6 28.8409 -0.335525 18.1516
26.0455 15 -24.5334 -0.152087 21.6907
31.9167 18.6667 28.6578 1.5611 28.9183
34 17.5 -24.9753 -0.587486 31.1508
39.125 16.4167 24.9119 -1.35998 37.9443
41.9545 14.5455 -21.6771 1.92326 40.6262
46.1667 19.8333 33.4954 1.16471 46.4415
47.75 20.2083 -27.1164 -0.0231398 47.7278
52.6667 19.625 31.4716 -0.283807 53.7928
54.625 17.9583 -25.3967 1.62081 55.6051
58.7917 25.7083 34.0996 -0.109261 60.8881
61.375 25.125 -31.6463 1.61104 62.4189
66.25 24.0417 29.5855 1.75238 68.4998
68.8333 20.6667 -24.6893 0.948713 70.2788
72.1667 23.5417 32.5495 0.0294844 74.6321
74.4167 21.4583 -26.9887 -0.264505 75.7613
77.45 23.3 31.9585 0.288134 79.7211
