19
12.6667 17 18.1747 0.2109 2.49267
17.25 8.75 -13.1533 2.08333 8.04954
21 20.5 16.6989 -1.26872 11.7253
23.5 35.625 -33.4761 -1.93365 17.0991
26.75 17.25 20.0931 0.79117 19.6805
28.75 20.5 19.6441 -1.5734 23.2889
38 34.1667 23.649 -0.96137 34.6562
43.125 35.875 -30.2755 -2.33183 41.4868
46 13.25 16.8986 1.44718 44.3338
50.125 30.375 19.7939 -0.86423 50.9138
53.875 33.5 -25.1073 0.922734 53.9762
60.75 19.125 15.4677 2.05491 64.3728
68 26.25 -22.3179 3.04431 67.2935
67.375 32.375 22.1757 2.78981 72.7477
71.5 38.125 -25.6711 -0.75417 74.5334
75 29 19.1114 -1.68051 79.5046
74.75 15.5 -16.2566 1.42071 82.4689
80.5 21 21.7363 0.412543 85.2837
81.3333 40.3333 -22.1379 4.27149 86.1241
