18
22.0179 11.1786 -15.2248 0.128256 20.3001
24.9688 17.1875 18.3043 -0.19662 22.4816
28.15 13.5333 -15.7601 -1.65654 25.9265
32.5 15.2759 15.9734 0.724475 31.4522
34.7794 16.0882 -16.4493 0.0600159 34.2965
39.803 17.4848 16.8147 0.243046 39.654
42.0946 18.0946 -19.5701 0.675192 42.3306
47.1447 20.9737 19.1956 -0.000244342 47.5086
49.8243 18.1486 -17.4192 -0.196749 50.7141
54.7361 21.5417 19.6438 -0.0767428 55.6102
57.5303 20.5 -21.7422 0.980841 58.4973
61.4359 19.6154 18.6296 0.0449599 62.683
63.6389 16.8611 -16.3495 0.0155249 65.4635
67.4625 20.5125 19.3952 0.174114 69.4945
70.1351 17.8243 -18.5689 1.2209 71.793
73.7051 21.2564 20.2078 0.0900888 75.5789
76.1571 17.5571 -17.2438 2.2775 77.8636
78.8654 18.3462 18.9038 0.180073 81.1243
