20
18.1429 14.7143 -22.2858 -1.349 13.0068
19.7143 17.8571 19.4296 -0.349164 16.9756
20.6667 17.8333 -24.4394 -1.55452 18.5106
26.125 16.125 19.5466 -0.852834 22.2957
27.9375 14.9375 -22.4899 0.650211 24.8779
28.6429 14.5 17.2471 0.16194 28.1532
30.7143 15.2857 -22.5078 0.825366 30.8791
34.1429 17.0714 20.8271 3.39592 35.2599
38.125 18.625 -29.1642 0.0542716 37.869
40.0625 13.9375 19.7696 0.705707 40.9978
41.8125 15.3125 -23.0408 3.3543 43.4264
44.4375 26.9375 31.5009 -1.71747 48.2308
47.1875 26.5 -34.0425 0.125964 50.2147
50.6875 21.875 22.9837 -1.70371 55.1193
53 19.0625 -26.2682 2.24101 57.729
56.8333 21.2778 26.063 0.00453411 62.4077
59.1667 19.2778 -25.243 1.3735 64.8085
64.0625 29.3125 25.3591 -0.488524 70.6687
65.7222 25.6667 -29.841 -0.214747 71.5556
71.2222 47.6667 40.4322 1.00245 78.8705
